   10.000000000000000     
   9.9998765432038983     
   9.9995061728155932     
   9.9988888887729921     
   9.9980246912623638     
   9.9969135802009212     
   9.9955555550919613     
   9.9939506168461119     
   9.9920987650494517     
   9.9899999997019773     
   10.002077562357828     
   10.001954105561728     
   10.001583735173419     
   10.000966451130815     
   10.000102253620186     
   9.9989911425587454     
   9.9976331174497872     
   9.9960281792039360     
   9.9941763274072777     
   9.9920775620598050     
   10.008310249431311     
   10.008186792635204     
   10.007816422246897     
   10.007199138204296     
   10.006334940693669     
   10.005223829632232     
   10.003865804523276     
   10.002260866277428     
   10.000409014480764     
   9.9983102491332883     
   10.018698059455840     
   10.018574602659731     
   10.018204232271414     
   10.017586948228805     
   10.016722750718177     
   10.015611639656738     
   10.014253614547787     
   10.012648676301941     
   10.010796824505285     
   10.008698059157817     
   10.033240997725246     
   10.033117540929142     
   10.032747170540834     
   10.032129886498229     
   10.031265688987595     
   10.030154577926155     
   10.028796552817200     
   10.027191614571352     
   10.025339762774696     
   10.023240997427223     
   10.051939061886717     
   10.051815605090605     
   10.051445234702296     
   10.050827950659697     
   10.049963753149070     
   10.048852642087631     
   10.047494616978675     
   10.045889678732827     
   10.044037826936167     
   10.041939061588693     
   10.074792237823360     
   10.074668781027249     
   10.074298410638939     
   10.073681126596336     
   10.072816929085704     
   10.071705818024265     
   10.070347792915310     
   10.068742854669463     
   10.066891002872804     
   10.064792237525337     
   10.101800551416140     
   10.101677094620030     
   10.101306724231717     
   10.100689440189118     
   10.099825242678492     
   10.098714131617056     
   10.097356106508100     
   10.095751168262250     
   10.093899316465590     
   10.091800551118117     
   10.132963990900986     
   10.132840534104879     
   10.132470163716565     
   10.131852879673962     
   10.130988682163331     
   10.129877571101890     
   10.128519545992935     
   10.126914607747091     
   10.125062755950434     
   10.122963990602962     
   10.168282556277893     
   10.168159099481786     
   10.167788729093473     
   10.167171445050869     
   10.166307247540239     
   10.165196136478798     
   10.163838111369840     
   10.162233173123990     
   10.160381321327336     
   10.158282555979870     
   10.207756247546865     
   10.207632790750761     
   10.207262420362451     
   10.206645136319844     
   10.205780938809211     
   10.204669827747768     
   10.203311802638812     
   10.201706864392964     
   10.199855012596307     
   10.197756247248842     
   10.251385038826934     
   10.251261582030832     
   10.250891211642527     
   10.250273927599928     
   10.249409730089297     
   10.248298619027853     
   10.246940593918890     
   10.245335655673042     
   10.243483803876380     
   10.241385038528911     
   10.299168951293439     
   10.299045494497335     
   10.298675124109028     
   10.298057840066429     
   10.297193642555799     
   10.296082531494358     
   10.294724506385403     
   10.293119568139554     
   10.291267716342890     
   10.289168950995416     
   10.351108046119563     
   10.350984589323456     
   10.350614218935148     
   10.349996934892545     
   10.349132737381915     
   10.348021626320472     
   10.346663601211514     
   10.345058662965666     
   10.343206811169010     
   10.341108045821541     
   10.407202205664564     
   10.407078748868461     
   10.406708378480154     
   10.406091094437555     
   10.405226896926928     
   10.404115785865489     
   10.402757760756533     
   10.401152822510685     
   10.399300970714021     
   10.397202205366540     
   10.467451556980446     
   10.467328100184343     
   10.466957729796036     
   10.466340445753438     
   10.465476248242812     
   10.464365137181373     
   10.463007112072415     
   10.461402173826565     
   10.459550322029900     
   10.457451556682422     
   10.531855963603942     
   10.531732506807838     
   10.531362136419528     
   10.530744852376927     
   10.529880654866297     
   10.528769543804854     
   10.527411518695896     
   10.525806580450048     
   10.523954728653388     
   10.521855963305919     
   10.600415491413873     
   10.600292034617771     
   10.599921664229463     
   10.599304380186858     
   10.598440182676226     
   10.597329071614784     
   10.595971046505827     
   10.594366108259981     
   10.592514256463321     
   10.590415491115849     
   10.673130225111574     
   10.673006768315471     
   10.672636397927167     
   10.672019113884565     
   10.671154916373933     
   10.670043805312488     
   10.668685780203528     
   10.667080841957681     
   10.665228990161022     
   10.663130224813550     
   10.750000000000000     
   10.749876543203900     
   10.749506172815593     
   10.748888888772992     
   10.748024691262362     
   10.746913580200916     
   10.745555555091956     
   10.743950616846110     
   10.742098765049452     
   10.739999999701977     
