   1.6863989535702288     
  0.87546873735389985     
  0.69314718055994529     
   1.6094379124341003     
   1.6608392407710255     
   1.6345877955149868     
   1.6076323900164824     
   1.5799282736923861     
   1.5514357193587456     
   1.5221072053608857     
   1.4918919998531044     
   1.4607361112103658     
   1.4285756812549200     
   1.3953545427249106     
   1.3610339734030286     
   1.3254114671976580     
   1.2885016774621627     
   1.2501853986246936     
   1.2103394051581056     
   1.1688436574708347     
   1.1255485725820287     
   1.0802948955331302     
   1.0328925498214057     
  0.98311823892767669     
  0.93072136244104553     
  0.86020126522311158     
  0.84469707868714616     
  0.82894872171900713     
  0.81294838037256589     
  0.79668785950078569     
  0.78015855754957497     
  0.76335143923319382     
  0.74625700587389365     
  0.72886526316202460     
  0.71116568606262354     
  0.75916289166971240     
  0.82121661330944873     
  0.87933499935283099     
  0.93436019342975596     
  0.98653080120092274     
   1.0361189682165328     
   1.0833650304247959     
   1.1284711501348479     
   1.1716702721498415     
   1.2130471903310502     
   1.2527809451761078     
   1.2909997712296697     
   1.3278199859464697     
   1.3633780620626086     
   1.3976153712564203     
   1.4307597199176887     
   1.4628462805990772     
   1.4939365110340588     
   1.5240895596680710     
   1.5533560115621661     
   1.5818289251661262     
   1.6166843209548676     
   1.6238785965888947     
   1.6310214841012749     
   1.6381137124107668     
   1.6451559950361796     
   1.6521490305271502     
   1.6590935028799612     
   1.6659900819390216     
   1.6728394237845963     
   1.6796421711073488     
   1.0855661616014463     
  0.89680034659487351     
   1.3785326093341839     
   1.2430390213746501     
   1.6062513500968003     
   1.4983394300528348     
   1.6602791561664365     
   1.6047910228268589     
  0.77865551340274231     
  0.88936949606391491     
  0.88774131868007466     
   1.1709134116399404     
   1.2487674616511426     
   1.1675873791012907     
  0.98897174526714815     
   1.0815985456270378     
   1.1636232729539397     
   1.2353563244299273     
  0.99616113647464033     
   1.0864788541769197     
  0.99416159115579250     
   1.4375788374013232     
   1.4977511943976700     
   1.4401649035659578     
   1.3092403382487785     
   1.3748142717826106     
   1.4342642776692753     
   1.4945679761043524     
   1.5513477141376346     
   1.5534244876705654     
   1.6082561368163322     
   1.5545176601310164     
   1.3129882903447814     
   1.3741768919273465     
   1.3195928288266474     
  0.85303702236644063     
  0.89772831978290446     
  0.83583666527156819     
  0.84076634774114822     
  0.89415502272035574     
  0.83836530480321514     
  0.79141635869943949     
   1.2105716408809728     
   1.1296092967253366     
   1.1699231081561803     
   1.1273797165765476     
   1.2087413519628163     
   1.2460635121364048     
   1.2060481968600332     
   1.0388082019984117     
   1.0829349304959617     
   1.0364150599109465     
   1.2029600840272270     
   1.2395582073329015     
   1.1975117448143033     
   1.1245833974556465     
   1.1652346203774089     
   1.1252034934927488     
  0.93924765180049974     
  0.99263092006311882     
   1.0418158987457191     
  0.94429824460903866     
  0.94803687547582050     
   1.0874593728009936     
   1.1293876545049877     
  0.94895046563198848     
  0.94349487734069137     
   1.0412210426685033     
  0.99725834868651475     
   1.0432422697677020     
   1.4679559255324479     
   1.4101401248206225     
   1.4405595284268005     
   1.4096207430195211     
   1.4702802875091878     
   1.4992749900282947     
   1.4694745407868788     
   1.3444957246771334     
   1.3767629117466944     
   1.3435947057693607     
   1.4673534045349861     
   1.4963367365282374     
   1.4648032681908150     
   1.4032177684019556     
   1.4375945700948034     
   1.4075081325479963     
   1.6329357217984179     
   1.6544435447900210     
   1.6349713448767793     
   1.5784905792520794     
   1.6046244301023003     
   1.5780541720286336     
   1.6265046064931072     
   1.5234494229092364     
   1.5519253957221708     
   1.5799883286275420     
   1.5245407182267336     
   1.5262554632331742     
   1.6074065268523450     
   1.6342602406661275     
   1.5273870819795079     
   1.5263290705338859     
   1.5816844302909177     
   1.5546686376341809     
   1.5813068507398469     
   1.2729462175382080     
   1.3107302831495384     
   1.3462281357233747     
   1.2756389270844797     
   1.2786105553679545     
   1.3785543458634293     
   1.4057383320636878     
   1.2817663210726113     
   1.2853924920392725     
   1.3447228638877182     
   1.3149410007949958     
   1.3464928351957559     
   1.1644945525049992     
   1.2429410134518664     
   1.2817910874654206     
   1.3526414111953402     
  0.80027169647147112     
   1.2038481901383644     
   1.3181168402102235     
   1.5786536713222963     
