           1          21           2           1
          21          22           2           1
           2          22           3           1
          22          23           3           1
           3          23           4           1
          23          24           4           1
           4          24           5           1
          24          25           5           1
           5          25           6           1
          25          26           6           1
           6          26           7           1
          26          27           7           1
           7          27           8           1
          27          28           8           1
           8          28           9           1
          28          29           9           1
           9          29          10           1
          29          30          10           1
          10          30          11           1
          30          31          11           1
          11          31          12           1
          31          32          12           1
          12          32          13           1
          32          33          13           1
          13          33          14           1
          33          34          14           1
          14          34          15           1
          34          35          15           1
          15          35          16           1
          35          36          16           1
          16          36          17           1
          36          37          17           1
          17          37          18           1
          37          38          18           1
          18          38          19           1
          38          39          19           1
          19          39          20           1
          39          40          20           1
          21          41          22           1
          41          42          22           1
          22          42          23           1
          42          43          23           1
          23          43          24           1
          43          44          24           1
          24          44          25           1
          44          45          25           1
          25          45          26           1
          45          46          26           1
          26          46          27           1
          46          47          27           1
          27          47          28           1
          47          48          28           1
          28          48          29           1
          48          49          29           1
          29          49          30           1
          49          50          30           1
          30          50          31           1
          50          51          31           1
          31          51          32           1
          51          52          32           1
          32          52          33           1
          52          53          33           1
          33          53          34           1
          53          54          34           1
          34          54          35           1
          54          55          35           1
          35          55          36           1
          55          56          36           1
          36          56          37           1
          56          57          37           1
          37          57          38           1
          57          58          38           1
          38          58          39           1
          58          59          39           1
          39          59          40           1
          59          60          40           1
          41          61          42           1
          61          62          42           1
          42          62          43           1
          62          63          43           1
          43          63          44           1
          63          64          44           1
          44          64          45           1
          64          65          45           1
          45          65          46           1
          65          66          46           1
          46          66          47           1
          66          67          47           1
          47          67          48           1
          67          68          48           1
          48          68          49           1
          68          69          49           1
          49          69          50           1
          69          70          50           1
          50          70          51           1
          70          71          51           1
          51          71          52           1
          71          72          52           1
          52          72          53           1
          72          73          53           1
          53          73          54           1
          73          74          54           1
          54          74          55           1
          74          75          55           1
          55          75          56           1
          75          76          56           1
          56          76          57           1
          76          77          57           1
          57          77          58           1
          77          78          58           1
          58          78          59           1
          78          79          59           1
          59          79          60           1
          79          80          60           1
          61          81          62           1
          81          82          62           1
          62          82          63           1
          82          83          63           1
          63          83          64           1
          83          84          64           1
          64          84          65           1
          84          85          65           1
          65          85          66           1
          85          86          66           1
          66          86          67           1
          86          87          67           1
          67          87          68           1
          87          88          68           1
          68          88          69           1
          88          89          69           1
          69          89          70           1
          89          90          70           1
          70          90          71           1
          90          91          71           1
          71          91          72           1
          91          92          72           1
          72          92          73           1
          92          93          73           1
          73          93          74           1
          93          94          74           1
          74          94          75           1
          94          95          75           1
          75          95          76           1
          95          96          76           1
          76          96          77           1
          96          97          77           1
          77          97          78           1
          97          98          78           1
          78          98          79           1
          98          99          79           1
          79          99          80           1
          99         100          80           1
          81         101          82           1
         101         102          82           1
          82         102          83           1
         102         103          83           1
          83         103          84           1
         103         104          84           1
          84         104          85           1
         104         105          85           1
          85         105          86           1
         105         106          86           1
          86         106          87           1
         106         107          87           1
          87         107          88           1
         107         108          88           1
          88         108          89           1
         108         109          89           1
          89         109          90           1
         109         110          90           1
          90         110          91           1
         110         111          91           1
          91         111          92           1
         111         112          92           1
          92         112          93           1
         112         113          93           1
          93         113          94           1
         113         114          94           1
          94         114          95           1
         114         115          95           1
          95         115          96           1
         115         116          96           1
          96         116          97           1
         116         117          97           1
          97         117          98           1
         117         118          98           1
          98         118          99           1
         118         119          99           1
          99         119         100           1
         119         120         100           1
         101         121         102           1
         121         122         102           1
         102         122         103           1
         122         123         103           1
         103         123         104           1
         123         124         104           1
         104         124         105           1
         124         125         105           1
         105         125         106           1
         125         126         106           1
         106         126         107           1
         126         127         107           1
         107         127         108           1
         127         128         108           1
         108         128         109           1
         128         129         109           1
         109         129         110           1
         129         130         110           1
         110         130         111           1
         130         131         111           1
         111         131         112           1
         131         132         112           1
         112         132         113           1
         132         133         113           1
         113         133         114           1
         133         134         114           1
         114         134         115           1
         134         135         115           1
         115         135         116           1
         135         136         116           1
         116         136         117           1
         136         137         117           1
         117         137         118           1
         137         138         118           1
         118         138         119           1
         138         139         119           1
         119         139         120           1
         139         140         120           1
         121         141         122           1
         141         142         122           1
         122         142         123           1
         142         143         123           1
         123         143         124           1
         143         144         124           1
         124         144         125           1
         144         145         125           1
         125         145         126           1
         145         146         126           1
         126         146         127           1
         146         147         127           1
         127         147         128           1
         147         148         128           1
         128         148         129           1
         148         149         129           1
         129         149         130           1
         149         150         130           1
         130         150         131           1
         150         151         131           1
         131         151         132           1
         151         152         132           1
         132         152         133           1
         152         153         133           1
         133         153         134           1
         153         154         134           1
         134         154         135           1
         154         155         135           1
         135         155         136           1
         155         156         136           1
         136         156         137           1
         156         157         137           1
         137         157         138           1
         157         158         138           1
         138         158         139           1
         158         159         139           1
         139         159         140           1
         159         160         140           1
         141         161         142           1
         161         162         142           1
         142         162         143           1
         162         163         143           1
         143         163         144           1
         163         164         144           1
         144         164         145           1
         164         165         145           1
         145         165         146           1
         165         166         146           1
         146         166         147           1
         166         167         147           1
         147         167         148           1
         167         168         148           1
         148         168         149           1
         168         169         149           1
         149         169         150           1
         169         170         150           1
         150         170         151           1
         170         171         151           1
         151         171         152           1
         171         172         152           1
         152         172         153           1
         172         173         153           1
         153         173         154           1
         173         174         154           1
         154         174         155           1
         174         175         155           1
         155         175         156           1
         175         176         156           1
         156         176         157           1
         176         177         157           1
         157         177         158           1
         177         178         158           1
         158         178         159           1
         178         179         159           1
         159         179         160           1
         179         180         160           1
         161         181         162           1
         181         182         162           1
         162         182         163           1
         182         183         163           1
         163         183         164           1
         183         184         164           1
         164         184         165           1
         184         185         165           1
         165         185         166           1
         185         186         166           1
         166         186         167           1
         186         187         167           1
         167         187         168           1
         187         188         168           1
         168         188         169           1
         188         189         169           1
         169         189         170           1
         189         190         170           1
         170         190         171           1
         190         191         171           1
         171         191         172           1
         191         192         172           1
         172         192         173           1
         192         193         173           1
         173         193         174           1
         193         194         174           1
         174         194         175           1
         194         195         175           1
         175         195         176           1
         195         196         176           1
         176         196         177           1
         196         197         177           1
         177         197         178           1
         197         198         178           1
         178         198         179           1
         198         199         179           1
         179         199         180           1
         199         200         180           1
         181         201         182           1
         201         202         182           1
         182         202         183           1
         202         203         183           1
         183         203         184           1
         203         204         184           1
         184         204         185           1
         204         205         185           1
         185         205         186           1
         205         206         186           1
         186         206         187           1
         206         207         187           1
         187         207         188           1
         207         208         188           1
         188         208         189           1
         208         209         189           1
         189         209         190           1
         209         210         190           1
         190         210         191           1
         210         211         191           1
         191         211         192           1
         211         212         192           1
         192         212         193           1
         212         213         193           1
         193         213         194           1
         213         214         194           1
         194         214         195           1
         214         215         195           1
         195         215         196           1
         215         216         196           1
         196         216         197           1
         216         217         197           1
         197         217         198           1
         217         218         198           1
         198         218         199           1
         218         219         199           1
         199         219         200           1
         219         220         200           1
         201         221         202           1
         221         222         202           1
         202         222         203           1
         222         223         203           1
         203         223         204           1
         223         224         204           1
         204         224         205           1
         224         225         205           1
         205         225         206           1
         225         226         206           1
         206         226         207           1
         226         227         207           1
         207         227         208           1
         227         228         208           1
         208         228         209           1
         228         229         209           1
         209         229         210           1
         229         230         210           1
         210         230         211           1
         230         231         211           1
         211         231         212           1
         231         232         212           1
         212         232         213           1
         232         233         213           1
         213         233         214           1
         233         234         214           1
         214         234         215           1
         234         235         215           1
         215         235         216           1
         235         236         216           1
         216         236         217           1
         236         237         217           1
         217         237         218           1
         237         238         218           1
         218         238         219           1
         238         239         219           1
         219         239         220           1
         239         240         220           1
         221         241         222           1
         241         242         222           1
         222         242         223           1
         242         243         223           1
         223         243         224           1
         243         244         224           1
         224         244         225           1
         244         245         225           1
         225         245         226           1
         245         246         226           1
         226         246         227           1
         246         247         227           1
         227         247         228           1
         247         248         228           1
         228         248         229           1
         248         249         229           1
         229         249         230           1
         249         250         230           1
         230         250         231           1
         250         251         231           1
         231         251         232           1
         251         252         232           1
         232         252         233           1
         252         253         233           1
         233         253         234           1
         253         254         234           1
         234         254         235           1
         254         255         235           1
         235         255         236           1
         255         256         236           1
         236         256         237           1
         256         257         237           1
         237         257         238           1
         257         258         238           1
         238         258         239           1
         258         259         239           1
         239         259         240           1
         259         260         240           1
         241         261         242           1
         261         262         242           1
         242         262         243           1
         262         263         243           1
         243         263         244           1
         263         264         244           1
         244         264         245           1
         264         265         245           1
         245         265         246           1
         265         266         246           1
         246         266         247           1
         266         267         247           1
         247         267         248           1
         267         268         248           1
         248         268         249           1
         268         269         249           1
         249         269         250           1
         269         270         250           1
         250         270         251           1
         270         271         251           1
         251         271         252           1
         271         272         252           1
         252         272         253           1
         272         273         253           1
         253         273         254           1
         273         274         254           1
         254         274         255           1
         274         275         255           1
         255         275         256           1
         275         276         256           1
         256         276         257           1
         276         277         257           1
         257         277         258           1
         277         278         258           1
         258         278         259           1
         278         279         259           1
         259         279         260           1
         279         280         260           1
         261         281         262           1
         281         282         262           1
         262         282         263           1
         282         283         263           1
         263         283         264           1
         283         284         264           1
         264         284         265           1
         284         285         265           1
         265         285         266           1
         285         286         266           1
         266         286         267           1
         286         287         267           1
         267         287         268           1
         287         288         268           1
         268         288         269           1
         288         289         269           1
         269         289         270           1
         289         290         270           1
         270         290         271           1
         290         291         271           1
         271         291         272           1
         291         292         272           1
         272         292         273           1
         292         293         273           1
         273         293         274           1
         293         294         274           1
         274         294         275           1
         294         295         275           1
         275         295         276           1
         295         296         276           1
         276         296         277           1
         296         297         277           1
         277         297         278           1
         297         298         278           1
         278         298         279           1
         298         299         279           1
         279         299         280           1
         299         300         280           1
         281         301         282           1
         301         302         282           1
         282         302         283           1
         302         303         283           1
         283         303         284           1
         303         304         284           1
         284         304         285           1
         304         305         285           1
         285         305         286           1
         305         306         286           1
         286         306         287           1
         306         307         287           1
         287         307         288           1
         307         308         288           1
         288         308         289           1
         308         309         289           1
         289         309         290           1
         309         310         290           1
         290         310         291           1
         310         311         291           1
         291         311         292           1
         311         312         292           1
         292         312         293           1
         312         313         293           1
         293         313         294           1
         313         314         294           1
         294         314         295           1
         314         315         295           1
         295         315         296           1
         315         316         296           1
         296         316         297           1
         316         317         297           1
         297         317         298           1
         317         318         298           1
         298         318         299           1
         318         319         299           1
         299         319         300           1
         319         320         300           1
         301         321         302           1
         321         322         302           1
         302         322         303           1
         322         323         303           1
         303         323         304           1
         323         324         304           1
         304         324         305           1
         324         325         305           1
         305         325         306           1
         325         326         306           1
         306         326         307           1
         326         327         307           1
         307         327         308           1
         327         328         308           1
         308         328         309           1
         328         329         309           1
         309         329         310           1
         329         330         310           1
         310         330         311           1
         330         331         311           1
         311         331         312           1
         331         332         312           1
         312         332         313           1
         332         333         313           1
         313         333         314           1
         333         334         314           1
         314         334         315           1
         334         335         315           1
         315         335         316           1
         335         336         316           1
         316         336         317           1
         336         337         317           1
         317         337         318           1
         337         338         318           1
         318         338         319           1
         338         339         319           1
         319         339         320           1
         339         340         320           1
         321         341         322           1
         341         342         322           1
         322         342         323           1
         342         343         323           1
         323         343         324           1
         343         344         324           1
         324         344         325           1
         344         345         325           1
         325         345         326           1
         345         346         326           1
         326         346         327           1
         346         347         327           1
         327         347         328           1
         347         348         328           1
         328         348         329           1
         348         349         329           1
         329         349         330           1
         349         350         330           1
         330         350         331           1
         350         351         331           1
         331         351         332           1
         351         352         332           1
         332         352         333           1
         352         353         333           1
         333         353         334           1
         353         354         334           1
         334         354         335           1
         354         355         335           1
         335         355         336           1
         355         356         336           1
         336         356         337           1
         356         357         337           1
         337         357         338           1
         357         358         338           1
         338         358         339           1
         358         359         339           1
         339         359         340           1
         359         360         340           1
         341         361         342           1
         361         362         342           1
         342         362         343           1
         362         363         343           1
         343         363         344           1
         363         364         344           1
         344         364         345           1
         364         365         345           1
         345         365         346           1
         365         366         346           1
         346         366         347           1
         366         367         347           1
         347         367         348           1
         367         368         348           1
         348         368         349           1
         368         369         349           1
         349         369         350           1
         369         370         350           1
         350         370         351           1
         370         371         351           1
         351         371         352           1
         371         372         352           1
         352         372         353           1
         372         373         353           1
         353         373         354           1
         373         374         354           1
         354         374         355           1
         374         375         355           1
         355         375         356           1
         375         376         356           1
         356         376         357           1
         376         377         357           1
         357         377         358           1
         377         378         358           1
         358         378         359           1
         378         379         359           1
         359         379         360           1
         379         380         360           1
         361         381         362           1
         381         382         362           1
         362         382         363           1
         382         383         363           1
         363         383         364           1
         383         384         364           1
         364         384         365           1
         384         385         365           1
         365         385         366           1
         385         386         366           1
         366         386         367           1
         386         387         367           1
         367         387         368           1
         387         388         368           1
         368         388         369           1
         388         389         369           1
         369         389         370           1
         389         390         370           1
         370         390         371           1
         390         391         371           1
         371         391         372           1
         391         392         372           1
         372         392         373           1
         392         393         373           1
         373         393         374           1
         393         394         374           1
         374         394         375           1
         394         395         375           1
         375         395         376           1
         395         396         376           1
         376         396         377           1
         396         397         377           1
         377         397         378           1
         397         398         378           1
         378         398         379           1
         398         399         379           1
         379         399         380           1
         399         400         380           1
         381         401         382           1
         401         402         382           1
         382         402         383           1
         402         403         383           1
         383         403         384           1
         403         404         384           1
         384         404         385           1
         404         405         385           1
         385         405         386           1
         405         406         386           1
         386         406         387           1
         406         407         387           1
         387         407         388           1
         407         408         388           1
         388         408         389           1
         408         409         389           1
         389         409         390           1
         409         410         390           1
         390         410         391           1
         410         411         391           1
         391         411         392           1
         411         412         392           1
         392         412         393           1
         412         413         393           1
         393         413         394           1
         413         414         394           1
         394         414         395           1
         414         415         395           1
         395         415         396           1
         415         416         396           1
         396         416         397           1
         416         417         397           1
         397         417         398           1
         417         418         398           1
         398         418         399           1
         418         419         399           1
         399         419         400           1
         419         420         400           1
         401         421         402           1
         421         422         402           1
         402         422         403           1
         422         423         403           1
         403         423         404           1
         423         424         404           1
         404         424         405           1
         424         425         405           1
         405         425         406           1
         425         426         406           1
         406         426         407           1
         426         427         407           1
         407         427         408           1
         427         428         408           1
         408         428         409           1
         428         429         409           1
         409         429         410           1
         429         430         410           1
         410         430         411           1
         430         431         411           1
         411         431         412           1
         431         432         412           1
         412         432         413           1
         432         433         413           1
         413         433         414           1
         433         434         414           1
         414         434         415           1
         434         435         415           1
         415         435         416           1
         435         436         416           1
         416         436         417           1
         436         437         417           1
         417         437         418           1
         437         438         418           1
         418         438         419           1
         438         439         419           1
         419         439         420           1
         439         440         420           1
         421         441         422           1
         441         442         422           1
         422         442         423           1
         442         443         423           1
         423         443         424           1
         443         444         424           1
         424         444         425           1
         444         445         425           1
         425         445         426           1
         445         446         426           1
         426         446         427           1
         446         447         427           1
         427         447         428           1
         447         448         428           1
         428         448         429           1
         448         449         429           1
         429         449         430           1
         449         450         430           1
         430         450         431           1
         450         451         431           1
         431         451         432           1
         451         452         432           1
         432         452         433           1
         452         453         433           1
         433         453         434           1
         453         454         434           1
         434         454         435           1
         454         455         435           1
         435         455         436           1
         455         456         436           1
         436         456         437           1
         456         457         437           1
         437         457         438           1
         457         458         438           1
         438         458         439           1
         458         459         439           1
         439         459         440           1
         459         460         440           1
         441         461         442           1
         461         462         442           1
         442         462         443           1
         462         463         443           1
         443         463         444           1
         463         464         444           1
         444         464         445           1
         464         465         445           1
         445         465         446           1
         465         466         446           1
         446         466         447           1
         466         467         447           1
         447         467         448           1
         467         468         448           1
         448         468         449           1
         468         469         449           1
         449         469         450           1
         469         470         450           1
         450         470         451           1
         470         471         451           1
         451         471         452           1
         471         472         452           1
         452         472         453           1
         472         473         453           1
         453         473         454           1
         473         474         454           1
         454         474         455           1
         474         475         455           1
         455         475         456           1
         475         476         456           1
         456         476         457           1
         476         477         457           1
         457         477         458           1
         477         478         458           1
         458         478         459           1
         478         479         459           1
         459         479         460           1
         479         480         460           1
         461         481         462           1
         481         482         462           1
         462         482         463           1
         482         483         463           1
         463         483         464           1
         483         484         464           1
         464         484         465           1
         484         485         465           1
         465         485         466           1
         485         486         466           1
         466         486         467           1
         486         487         467           1
         467         487         468           1
         487         488         468           1
         468         488         469           1
         488         489         469           1
         469         489         470           1
         489         490         470           1
         470         490         471           1
         490         491         471           1
         471         491         472           1
         491         492         472           1
         472         492         473           1
         492         493         473           1
         473         493         474           1
         493         494         474           1
         474         494         475           1
         494         495         475           1
         475         495         476           1
         495         496         476           1
         476         496         477           1
         496         497         477           1
         477         497         478           1
         497         498         478           1
         478         498         479           1
         498         499         479           1
         479         499         480           1
         499         500         480           1
         481         501         482           1
         501         502         482           1
         482         502         483           1
         502         503         483           1
         483         503         484           1
         503         504         484           1
         484         504         485           1
         504         505         485           1
         485         505         486           1
         505         506         486           1
         486         506         487           1
         506         507         487           1
         487         507         488           1
         507         508         488           1
         488         508         489           1
         508         509         489           1
         489         509         490           1
         509         510         490           1
         490         510         491           1
         510         511         491           1
         491         511         492           1
         511         512         492           1
         492         512         493           1
         512         513         493           1
         493         513         494           1
         513         514         494           1
         494         514         495           1
         514         515         495           1
         495         515         496           1
         515         516         496           1
         496         516         497           1
         516         517         497           1
         497         517         498           1
         517         518         498           1
         498         518         499           1
         518         519         499           1
         499         519         500           1
         519         520         500           1
         501         521         502           1
         521         522         502           1
         502         522         503           1
         522         523         503           1
         503         523         504           1
         523         524         504           1
         504         524         505           1
         524         525         505           1
         505         525         506           1
         525         526         506           1
         506         526         507           1
         526         527         507           1
         507         527         508           1
         527         528         508           1
         508         528         509           1
         528         529         509           1
         509         529         510           1
         529         530         510           1
         510         530         511           1
         530         531         511           1
         511         531         512           1
         531         532         512           1
         512         532         513           1
         532         533         513           1
         513         533         514           1
         533         534         514           1
         514         534         515           1
         534         535         515           1
         515         535         516           1
         535         536         516           1
         516         536         517           1
         536         537         517           1
         517         537         518           1
         537         538         518           1
         518         538         519           1
         538         539         519           1
         519         539         520           1
         539         540         520           1
         521         541         522           1
         541         542         522           1
         522         542         523           1
         542         543         523           1
         523         543         524           1
         543         544         524           1
         524         544         525           1
         544         545         525           1
         525         545         526           1
         545         546         526           1
         526         546         527           1
         546         547         527           1
         527         547         528           1
         547         548         528           1
         528         548         529           1
         548         549         529           1
         529         549         530           1
         549         550         530           1
         530         550         531           1
         550         551         531           1
         531         551         532           1
         551         552         532           1
         532         552         533           1
         552         553         533           1
         533         553         534           1
         553         554         534           1
         534         554         535           1
         554         555         535           1
         535         555         536           1
         555         556         536           1
         536         556         537           1
         556         557         537           1
         537         557         538           1
         557         558         538           1
         538         558         539           1
         558         559         539           1
         539         559         540           1
         559         560         540           1
         541         561         542           1
         561         562         542           1
         542         562         543           1
         562         563         543           1
         543         563         544           1
         563         564         544           1
         544         564         545           1
         564         565         545           1
         545         565         546           1
         565         566         546           1
         546         566         547           1
         566         567         547           1
         547         567         548           1
         567         568         548           1
         548         568         549           1
         568         569         549           1
         549         569         550           1
         569         570         550           1
         550         570         551           1
         570         571         551           1
         551         571         552           1
         571         572         552           1
         552         572         553           1
         572         573         553           1
         553         573         554           1
         573         574         554           1
         554         574         555           1
         574         575         555           1
         555         575         556           1
         575         576         556           1
         556         576         557           1
         576         577         557           1
         557         577         558           1
         577         578         558           1
         558         578         559           1
         578         579         559           1
         559         579         560           1
         579         580         560           1
         561         581         562           1
         581         582         562           1
         562         582         563           1
         582         583         563           1
         563         583         564           1
         583         584         564           1
         564         584         565           1
         584         585         565           1
         565         585         566           1
         585         586         566           1
         566         586         567           1
         586         587         567           1
         567         587         568           1
         587         588         568           1
         568         588         569           1
         588         589         569           1
         569         589         570           1
         589         590         570           1
         570         590         571           1
         590         591         571           1
         571         591         572           1
         591         592         572           1
         572         592         573           1
         592         593         573           1
         573         593         574           1
         593         594         574           1
         574         594         575           1
         594         595         575           1
         575         595         576           1
         595         596         576           1
         576         596         577           1
         596         597         577           1
         577         597         578           1
         597         598         578           1
         578         598         579           1
         598         599         579           1
         579         599         580           1
         599         600         580           1
