   10.000000000000000     
   10.000000000000000     
   10.000000000000000     
   10.000000000000000     
   10.000000000000000     
   10.000000000000000     
   10.000000000000000     
   10.000000000000000     
   10.000000000000000     
   10.000000000000000     
   10.000000000000000     
   10.000000000000000     
   10.000000000000000     
   10.000000000000000     
   10.000000000000000     
   10.000000000000000     
   10.000000000000000     
   10.000000000000000     
   10.000000000000000     
   10.000000000000000     
   9.9491676577361083     
   9.9491676577361190     
   9.9491676577361421     
   9.9491676577361705     
   9.9491676577362060     
   9.9491676577362433     
   9.9491676577362753     
   9.9491676577363055     
   9.9491676577363322     
   9.9491676577363553     
   9.9491676577363801     
   9.9491676577364068     
   9.9491676577364316     
   9.9491676577364601     
   9.9491676577364867     
   9.9491676577365169     
   9.9491676577365471     
   9.9491676577365755     
   9.9491676577365986     
   9.9491676577366093     
   9.9001189064212429     
   9.9001189064216586     
   9.9001189064219464     
   9.9001189064221471     
   9.9001189064222963     
   9.9001189064224029     
   9.9001189064224668     
   9.9001189064225148     
   9.9001189064225539     
   9.9001189064225805     
   9.9001189064226001     
   9.9001189064226196     
   9.9001189064226462     
   9.9001189064226871     
   9.9001189064227457     
   9.9001189064228363     
   9.9001189064229749     
   9.9001189064231720     
   9.9001189064234527     
   9.9001189064238577     
   9.8528537510717928     
   9.8528537510709366     
   9.8528537510702883     
   9.8528537510698015     
   9.8528537510694374     
   9.8528537510691585     
   9.8528537510689471     
   9.8528537510687837     
   9.8528537510686451     
   9.8528537510685208     
   9.8528537510684000     
   9.8528537510682721     
   9.8528537510681193     
   9.8528537510679381     
   9.8528537510677143     
   9.8528537510674319     
   9.8528537510670624     
   9.8528537510665668     
   9.8528537510659060     
   9.8528537510650409     
   9.8073721766435504     
   9.8073721766435806     
   9.8073721766436464     
   9.8073721766437316     
   9.8073721766438275     
   9.8073721766439306     
   9.8073721766440300     
   9.8073721766441260     
   9.8073721766442166     
   9.8073721766443072     
   9.8073721766443960     
   9.8073721766444830     
   9.8073721766445665     
   9.8073721766446464     
   9.8073721766447299     
   9.8073721766448152     
   9.8073721766449005     
   9.8073721766449768     
   9.8073721766450355     
   9.8073721766450639     
   9.7636741935488267     
   9.7636741935505249     
   9.7636741935517914     
   9.7636741935527382     
   9.7636741935534506     
   9.7636741935539959     
   9.7636741935544240     
   9.7636741935547793     
   9.7636741935550795     
   9.7636741935553459     
   9.7636741935555982     
   9.7636741935558558     
   9.7636741935561453     
   9.7636741935564917     
   9.7636741935569198     
   9.7636741935574651     
   9.7636741935581774     
   9.7636741935591189     
   9.7636741935603784     
   9.7636741935620766     
   9.7217598195354977     
   9.7217598195338013     
   9.7217598195325419     
   9.7217598195316022     
   9.7217598195309023     
   9.7217598195303729     
   9.7217598195299662     
   9.7217598195296411     
   9.7217598195293764     
   9.7217598195291419     
   9.7217598195289199     
   9.7217598195286854     
   9.7217598195284189     
   9.7217598195280956     
   9.7217598195276871     
   9.7217598195271560     
   9.7217598195264578     
   9.7217598195255199     
   9.7217598195242516     
   9.7217598195225481     
   9.6816290183402014     
   9.6816290183401961     
   9.6816290183401836     
   9.6816290183401605     
   9.6816290183401303     
   9.6816290183400930     
   9.6816290183400522     
   9.6816290183400078     
   9.6816290183399580     
   9.6816290183399030     
   9.6816290183398515     
   9.6816290183397999     
   9.6816290183397484     
   9.6816290183396987     
   9.6816290183396561     
   9.6816290183396170     
   9.6816290183395814     
   9.6816290183395513     
   9.6816290183395299     
   9.6816290183395193     
   9.6432818084804364     
   9.6432818084820848     
   9.6432818084832395     
   9.6432818084840388     
   9.6432818084846019     
   9.6432818084849945     
   9.6432818084852734     
   9.6432818084854794     
   9.6432818084856358     
   9.6432818084857637     
   9.6432818084858845     
   9.6432818084860159     
   9.6432818084861793     
   9.6432818084863960     
   9.6432818084866874     
   9.6432818084870888     
   9.6432818084876537     
   9.6432818084884584     
   9.6432818084896095     
   9.6432818084912597     
   9.6067182053933244     
   9.6067182053899867     
   9.6067182053875975     
   9.6067182053858851     
   9.6067182053846683     
   9.6067182053837996     
   9.6067182053831743     
   9.6067182053827143     
   9.6067182053823661     
   9.6067182053820890     
   9.6067182053818385     
   9.6067182053815667     
   9.6067182053812310     
   9.6067182053807834     
   9.6067182053801652     
   9.6067182053793001     
   9.6067182053780869     
   9.6067182053763833     
   9.6067182053739977     
   9.6067182053706635     
   9.5719381627692002     
   9.5719381627726143     
   9.5719381627751883     
   9.5719381627771547     
   9.5719381627786788     
   9.5719381627798832     
   9.5719381627808584     
   9.5719381627816809     
   9.5719381627824038     
   9.5719381627830717     
   9.5719381627837290     
   9.5719381627844058     
   9.5719381627851341     
   9.5719381627859637     
   9.5719381627869442     
   9.5719381627881504     
   9.5719381627896709     
   9.5719381627916391     
   9.5719381627942166     
   9.5719381627976308     
   9.5389417408060595     
   9.5389417408060968     
   9.5389417408062034     
   9.5389417408063810     
   9.5389417408066226     
   9.5389417408069157     
   9.5389417408072550     
   9.5389417408076334     
   9.5389417408080384     
   9.5389417408084629     
   9.5389417408088963     
   9.5389417408093138     
   9.5389417408097099     
   9.5389417408100847     
   9.5389417408104276     
   9.5389417408107207     
   9.5389417408109534     
   9.5389417408111274     
   9.5389417408112323     
   9.5389417408112642     
   9.5077289086343129     
   9.5077289086310053     
   9.5077289086287511     
   9.5077289086273051     
   9.5077289086264791     
   9.5077289086261221     
   9.5077289086261132     
   9.5077289086263619     
   9.5077289086267900     
   9.5077289086273264     
   9.5077289086279002     
   9.5077289086284438     
   9.5077289086288825     
   9.5077289086291401     
   9.5077289086291348     
   9.5077289086287742     
   9.5077289086279393     
   9.5077289086264827     
   9.5077289086242196     
   9.5077289086209085     
   9.4782996415484035     
   9.4782996415519989     
   9.4782996415551253     
   9.4782996415579976     
   9.4782996415607546     
   9.4782996415634884     
   9.4782996415662559     
   9.4782996415690768     
   9.4782996415719527     
   9.4782996415748713     
   9.4782996415778076     
   9.4782996415807279     
   9.4782996415836038     
   9.4782996415864211     
   9.4782996415891869     
   9.4782996415919154     
   9.4782996415946599     
   9.4782996415975180     
   9.4782996416006373     
   9.4782996416042362     
   9.4506539904871438     
   9.4506539904876465     
   9.4506539904891458     
   9.4506539904915972     
   9.4506539904949456     
   9.4506539904990987     
   9.4506539905039446     
   9.4506539905093501     
   9.4506539905151659     
   9.4506539905212339     
   9.4506539905273872     
   9.4506539905334588     
   9.4506539905392781     
   9.4506539905446889     
   9.4506539905495401     
   9.4506539905536915     
   9.4506539905570364     
   9.4506539905594931     
   9.4506539905609905     
   9.4506539905614915     
   9.4247919291870996     
   9.4247919291848881     
   9.4247919291859681     
   9.4247919291900679     
   9.4247919291968802     
   9.4247919292060569     
   9.4247919292172320     
   9.4247919292299986     
   9.4247919292439200     
   9.4247919292585358     
   9.4247919292733808     
   9.4247919292879914     
   9.4247919293019038     
   9.4247919293146687     
   9.4247919293258438     
   9.4247919293350257     
   9.4247919293418381     
   9.4247919293459343     
   9.4247919293470055     
   9.4247919293447850     
   9.4007134375269086     
   9.4007134375301806     
   9.4007134375398227     
   9.4007134375555204     
   9.4007134375768118     
   9.4007134376031107     
   9.4007134376337014     
   9.4007134376677488     
   9.4007134377043329     
   9.4007134377424642     
   9.4007134377811159     
   9.4007134378192454     
   9.4007134378558224     
   9.4007134378898556     
   9.4007134379204285     
   9.4007134379467132     
   9.4007134379679922     
   9.4007134379836792     
   9.4007134379933213     
   9.4007134379965969     
   9.3784185385326317     
   9.3784185385472707     
   9.3784185385756551     
   9.3784185386176091     
   9.3784185386724310     
   9.3784185387389662     
   9.3784185388156480     
   9.3784185389005810     
   9.3784185389915962     
   9.3784185390863470     
   9.3784185391823573     
   9.3784185392771100     
   9.3784185393681305     
   9.3784185394530653     
   9.3784185395297577     
   9.3784185395963053     
   9.3784185396511432     
   9.3784185396931132     
   9.3784185397215065     
   9.3784185397361490     
   9.3579072658990121     
   9.3579072659116420     
   9.3579072659643288     
   9.3579072660550366     
   9.3579072661808418     
   9.3579072663379730     
   9.3579072665218934     
   9.3579072667273913     
   9.3579072669487040     
   9.3579072671796606     
   9.3579072674138573     
   9.3579072676448192     
   9.3579072678661355     
   9.3579072680716333     
   9.3579072682555449     
   9.3579072684126672     
   9.3579072685384599     
   9.3579072686291607     
   9.3579072686818492     
   9.3579072686944791     
   9.3391795478190751     
   9.3391795478670936     
   9.3391795480098398     
   9.3391795482434237     
   9.3391795485614697     
   9.3391795489552987     
   9.3391795494141725     
   9.3391795499255661     
   9.3391795504755368     
   9.3391795510490816     
   9.3391795516305649     
   9.3391795522041203     
   9.3391795527541035     
   9.3391795532655006     
   9.3391795537243745     
   9.3391795541182017     
   9.3391795544362353     
   9.3391795546698049     
   9.3391795548125387     
   9.3391795548605501     
   9.3222354195240786     
   9.3222354196496546     
   9.3222354200078090     
   9.3222354205893900     
   9.3222354213789700     
   9.3222354223553427     
   9.3222354234921312     
   9.3222354247585280     
   9.3222354261201339     
   9.3222354275399404     
   9.3222354289793223     
   9.3222354303991271     
   9.3222354317607419     
   9.3222354330271475     
   9.3222354341639555     
   9.3222354351403389     
   9.3222354359299242     
   9.3222354365115034     
   9.3222354368696649     
   9.3222354369952445     
   9.3070749011980407     
   9.3070749014851497     
   9.3070749023537864     
   9.3070749037796503     
   9.3070749057233861     
   9.3070749081316304     
   9.3070749109384288     
   9.3070749140670248     
   9.3070749174319296     
   9.3070749209412345     
   9.3070749244991156     
   9.3070749280084275     
   9.3070749313733359     
   9.3070749345019390     
   9.3070749373087445     
   9.3070749397169923     
   9.3070749416607281     
   9.3070749430865902     
   9.3070749439552269     
   9.3070749442423395     
   9.2936979290015014     
   9.2936979297286548     
   9.2936979318902608     
   9.2936979354272964     
   9.2936979402431952     
   9.2936979462065068     
   9.2936979531545063     
   9.2936979608976262     
   9.2936979692246666     
   9.2936979779085345     
   9.2936979867124272     
   9.2936979953962950     
   9.2936980037233390     
   9.2936980114664571     
   9.2936980184144460     
   9.2936980243777541     
   9.2936980291936493     
   9.2936980327306831     
   9.2936980348922891     
   9.2936980356194425     
   9.2821045028618663     
   9.2821045046683253     
   9.2821045100230783     
   9.2821045187800770     
   9.2821045307000869     
   9.2821045454574644     
   9.2821045626492626     
   9.2821045818063812     
   9.2821046024065055     
   9.2821046238883032     
   9.2821046456666565     
   9.2821046671484737     
   9.2821046877486175     
   9.2821047069057467     
   9.2821047240975432     
   9.2821047388549189     
   9.2821047507749235     
   9.2821047595319133     
   9.2821047648866610     
   9.2821047666931200     
   9.2722945692143330     
   9.2722945736669864     
   9.2722945869165212     
   9.2722946085951499     
   9.2722946381031388     
   9.2722946746271511     
   9.2722947171643568     
   9.2722947645511340     
   9.2722948154956057     
   9.2722948686125033     
   9.2722949224598779     
   9.2722949755768163     
   9.2722950265213253     
   9.2722950739080954     
   9.2722951164452656     
   9.2722951529692690     
   9.2722951824772544     
   9.2722952041558777     
   9.2722952174054107     
   9.2722952218580641     
   9.2642679227357121     
   9.2642679338389460     
   9.2642679668238426     
   9.2642680207315102     
   9.2642680940122251     
   9.2642681845885786     
   9.2642682899309108     
   9.2642684071387134     
   9.2642685330248611     
   9.2642686641987879     
   9.2642687971487270     
   9.2642689283227444     
   9.2642690542089650     
   9.2642691714167409     
   9.2642692767589825     
   9.2642693673353236     
   9.2642694406160260     
   9.2642694945236670     
   9.2642695275085405     
   9.2642695386117602     
   9.2580241542227331     
   9.2580241824327860     
   9.2580242660235061     
   9.2580244020510420     
   9.2580245859847459     
   9.2580248120555435     
   9.2580250735769329     
   9.2580253632138287     
   9.2580256731969879     
   9.2580259954853723     
   9.2580263218909344     
   9.2580266441795480     
   9.2580269541629008     
   9.2580272437997504     
   9.2580275053209071     
   9.2580277313916586     
   9.2580279153253162     
   9.2580280513527686     
   9.2580281349434461     
   9.2580281631534849     
   9.2535621622064301     
   9.2535622409867262     
   9.2535624699577816     
   9.2535628339617837     
   9.2535633142784626     
   9.2535638911140055     
   9.2535645449473449     
   9.2535652571409450     
   9.2535660100931185     
   9.2535667871008158     
   9.2535675720577508     
   9.2535683490659988     
   9.2535691020186661     
   9.2535698142121809     
   9.2535704680449573     
   9.2535710448804114     
   9.2535715251969854     
   9.2535718892007566     
   9.2535721181717090     
   9.2535721969519624     
   9.2508786942005070     
   9.2508790602994910     
   9.2508799226401237     
   9.2508811172886816     
   9.2508825312289940     
   9.2508840873013973     
   9.2508857334286141     
   9.2508874348573098     
   9.2508891685119252     
   9.2508909187604473     
   9.2508926740997133     
   9.2508944243496565     
   9.2508961580056592     
   9.2508978594342999     
   9.2508995055601098     
   9.2509010616322858     
   9.2509024755723104     
   9.2509036702201062     
   9.2509045325603303     
   9.2509048986591189     
   9.2499552401277363     
   9.2499634903946664     
   9.2499702637666328     
   9.2499759274611275     
   9.2499807591040231     
   9.2499849710208863     
   9.2499887282114983     
   9.2499921618044709     
   9.2499953794174701     
   9.2499984732394083     
   9.2500015267379645     
   9.2500046205682676     
   9.2500078381898660     
   9.2500112717832046     
   9.2500150289654108     
   9.2500192408830024     
   9.2500240725267808     
   9.2500297362169679     
   9.2500365095867725     
   9.2500447598509119     
