  0.99269943837883168     
  0.99412769907185683     
  0.99412769922473854     
  0.99412769872208551     
  0.99229136413164221     
  0.99158415064061478     
  0.99044847454372509     
  0.99249539997242320     
  0.99045502952461162     
  0.98959041216370991     
  0.99412769836864956     
  0.99012290847415418     
  0.98861869606220454     
  0.98786489306290592     
  0.99412769821995006     
  0.99045502681377795     
  0.98791856009749213     
  0.99229136274778273     
  0.98861868986889068     
  0.98678236516605833     
  0.98636045422106422     
  0.98506266065898951     
  0.98607508623337159     
  0.98678235091320976     
  0.98494603892582488     
  0.98440244225491480     
  0.98310972582104095     
  0.98494600632084572     
  0.98280224149949857     
  0.98310965204026934     
  0.98246105468201217     
  0.98106013606649134     
  0.98071559878131054     
  0.98127343585767002     
  0.98127326934377623     
  0.97907341388037583     
  0.97943722247459286     
  0.97943683323074859     
  0.97877394941319817     
  0.97738160392392404     
  0.97704270297688522     
  0.97760024835759918     
  0.97760112284289713     
  0.97540091373169191     
  0.97576541975046527     
  0.97576337724727846     
  0.97510052712183193     
  0.97371020194985514     
  0.97336890431222711     
  0.97392570162767589     
  0.97393030258190127     
  0.97172929732441149     
  0.97209715437175137     
  0.97208642300750614     
  0.97142397758673193     
  0.97004440812631998     
  0.96969117513990699     
  0.97024208617998942     
  0.97026670108345225     
  0.96806534393049470     
  0.96844441869346909     
  0.96838681565309792     
  0.96773380177560164     
  0.96640573758375803     
  0.96602298753377447     
  0.96647928569804420     
  0.96663116121211279     
  0.96445044185145967     
  0.96483777709013308     
  0.96467203381254585     
  0.96409946193567386     
  0.95872017583917768     
  0.96283673272148818     
  0.96245086429683480     
  0.96289508777663890     
  0.95818507779368967     
  0.95813857645534883     
  0.96306112327661764     
  0.95380438528457800     
  0.95354850763755616     
  0.96092841358640901     
  0.96131187508552152     
  0.96113849479851077     
  0.95549801134444778     
  0.95396444135721770     
  0.95292812316642539     
  0.95425445959605237     
  0.96058083923590520     
  0.95053573173890937     
  0.94930232243735413     
  0.95119683658900256     
  0.95936275435656937     
  0.95897800045033366     
  0.95940081729875215     
  0.95562981303056338     
  0.94807867569277926     
  0.95192921904714056     
  0.95015216339882569     
  0.95958339660487024     
  0.94995917978731093     
  0.94635097715051431     
  0.94437977297714781     
  0.95048017334475443     
  0.94932502192648627     
  0.94781505038182301     
  0.95750681838607843     
  0.95788684822695924     
  0.95768281434785019     
  0.95221149654730153     
  0.94381645276829373     
  0.94103410241961782     
  0.94991801665455866     
  0.94800867205236550     
  0.94946491802380018     
  0.95715497394997673     
  0.95202687599408242     
  0.94385669879437362     
  0.94593302632236442     
  0.94243579504683939     
  0.93898242725363990     
  0.94957940546963959     
  0.94816668977378726     
  0.94890737185859986     
  0.95599789987213191     
  0.95560762811514688     
  0.95598857721651342     
  0.93619503761944778     
  0.94424420788372299     
  0.93426633626347444     
  0.94905499454829145     
  0.94677957747836983     
  0.94867265401232270     
  0.95621491028714700     
  0.94668081571663809     
  0.93299743961060744     
  0.94491148411731096     
  0.93888069474422331     
  0.94221484269580169     
  0.93311942689152738     
  0.94892192654174778     
  0.94745207205412829     
  0.95420351941044257     
  0.95458194776569483     
  0.95432380111501669     
  0.93769919825469217     
  0.92900187102954379     
  0.92968278799354875     
  0.92704502554910961     
  0.94899971979966558     
  0.94851425272609191     
  0.94834402911993654     
  0.94805030316807071     
  0.94664793069819919     
  0.95384193907067427     
  0.94658828850094856     
  0.93633370394261273     
  0.92835072179330957     
  0.92164651368836126     
  0.94275680463885536     
  0.93648465009717663     
  0.94010573271929565     
  0.92563736961555787     
  0.94863015054518307     
  0.94773097398280060     
  0.94470760911443230     
  0.95276651340356255     
  0.95236828716707156     
  0.95269224657443430     
  0.92227898618644932     
  0.93179418396759717     
  0.91754291593205850     
  0.94865407745451968     
  0.94812865690704196     
  0.94843752108903956     
  0.94739258184861486     
  0.94624097320873757     
  0.95297939228552764     
  0.94293051176261899     
  0.92024641115075323     
  0.91818977520334566     
  0.91257016449194173     
  0.94844823960522995     
  0.94825795103125288     
  0.94780862521009057     
  0.94701001968489706     
  0.95104988764671616     
  0.95142519674607251     
  0.95110358102689740     
  0.93082014914080768     
  0.91023520141033842     
  0.94804972923962261     
  0.94833061105323313     
  0.94762613160898623     
  0.94747629043153325     
  0.95067920509621739     
  0.94034303828713295     
  0.91521234222295722     
  0.90745696385007368     
  0.90063282902503983     
  0.90732376585880226     
  0.94810913172200650     
  0.94822089549526256     
  0.94832031517146209     
  0.94779443546308828     
  0.94970140433794881     
  0.94929868394804862     
  0.94955938766841796     
  0.92918434868906696     
  0.90401029322334370     
  0.89885764594571560     
  0.94795023262996203     
  0.94822985851559249     
  0.94773976960017814     
  0.94990829439058500     
  0.93871520073615333     
  0.92188913123372707     
  0.89827065768719527     
  0.89241044809402303     
  0.88278097820403656     
  0.89301753836287268     
  0.94815121949475556     
  0.94806420964924742     
  0.94824204909855492     
  0.94788266240237429     
  0.94808181801443525     
  0.94844928570019982     
  0.94807033062530688     
  0.90216426560241958     
  0.88580468957100278     
  0.94799317988609866     
  0.94815305946367345     
  0.94818879081562824     
  0.94770806722677836     
  0.94663633022036642     
  0.93101206333035402     
  0.91771384193839067     
  0.88092907020009492     
  0.87435793841859433     
  0.87035886471578294     
  0.94811573428821017     
  0.94804686465135235     
  0.94819348916690371     
  0.94798050870329464     
  0.94683582575389647     
  0.94643641873336892     
  0.90273557832027229     
  0.87630280198049304     
  0.86202491842076012     
  0.83126978526927520     
  0.94808616715479721     
  0.94803582002714681     
  0.94811704383720141     
  0.94815832235035380     
  0.94816486953959522     
  0.94703394990013434     
  0.93046423259813604     
  0.91836981251171557     
  0.85883254874622406     
  0.94807044240578386     
  0.94813340868129348     
  0.94533081740212199     
  0.94568411076632930     
  0.94526609614670054     
  0.88851793908496701     
  0.90653540694439616     
  0.85017543778417481     
  0.83125239667783868     
  0.94809738733444926     
  0.94806959212254793     
  0.94811459056531011     
  0.94814525494339719     
  0.94496322565341784     
  0.93193258986358074     
  0.87130384535937355     
  0.92001092164667697     
  0.83126194225260530     
  0.85256232678276855     
  0.83116546710178552     
  0.94809023412168592     
  0.94811871225457722     
  0.94813048430686075     
  0.94814705330831661     
  0.94419602075116549     
  0.94380905868563836     
  0.94395796973523005     
  0.87869242929917801     
  0.89507948510672231     
  0.91125016839855399     
  0.83128093191651586     
  0.83118923026351366     
  0.83108803358604699     
  0.94810615655033159     
  0.94808965023143765     
  0.94813707239034672     
  0.94438257018370841     
  0.93199909042119333     
  0.85543489777429105     
  0.83116740009282786     
  0.83129957330188309     
  0.83104645246186437     
  0.83109816931375591     
  0.94810400143065332     
  0.94811125460069468     
  0.94812184792308130     
  0.94812858273658296     
  0.94281761722480750     
  0.94315114544608047     
  0.94271486144785555     
  0.89004079534850589     
  0.86945735280891279     
  0.92340162868257403     
  0.83122479768949020     
  0.83097464293384404     
  0.94810156083022534     
  0.94811643982992411     
  0.94812435187086164     
  0.94813025949065333     
  0.94246425255636956     
  0.94153514023445317     
  0.85264658508907187     
  0.83131878139291471     
  0.90954349505051235     
  0.83114861537911289     
  0.83125919023253114     
  0.83103864668494942     
  0.83097804787509921     
  0.83094175492582067     
  0.94810846116861192     
  0.94811246141257333     
  0.94811982348877877     
  0.94812670820320899     
  0.94812385338241134     
  0.94179752590037136     
  0.94142962352789772     
  0.86984602643160214     
  0.89479360709450217     
  0.92466720255488821     
  0.83109234347384797     
  0.83119363113304356     
  0.83088350003714551     
  0.94811666422013119     
  0.94812149302343340     
  0.94197055718022449     
  0.83133853897319288     
  0.84756164777725385     
  0.83129342805665296     
  0.91194053406073050     
  0.94042042493661893     
  0.83107993273338709     
  0.83113834212429205     
  0.83122494893113785     
  0.83103362296732186     
  0.83093805375937646     
  0.83087776673409086     
  0.83085617502335274     
  0.94811272563546378     
  0.94811606052344399     
  0.94811878922414516     
  0.94812493551530164     
  0.94812090227743218     
  0.94055182326574616     
  0.94086212379867207     
  0.88144306072512169     
  0.85250019973051894     
  0.89938076872191042     
  0.92694244887543187     
  0.83116532630681916     
  0.83096151462130963     
  0.83089482992692421     
  0.83081112318999073     
  0.94812337617388720     
  0.94812133229734885     
  0.94021738332986704     
  0.86824963729115123     
  0.83135810794464571     
  0.83124598920922177     
  0.91432780515567735     
  0.93936897147067600     
  0.83111541144451384     
  0.83099994539979560     
  0.83118592788500423     
  0.83086292414344975     
  0.83088489392631970     
  0.83080034044865880     
  0.83079527544685883     
  0.83078087953413549     
  0.83080225759757864     
  0.94811525352740944     
  0.94811801910304716     
  0.94811942149913842     
  0.93964706612852344     
  0.93930180263034568     
  0.86931340888526232     
  0.88715497494772122     
  0.83130820767569769     
  0.83137678014015914     
  0.90573604201072777     
  0.92763541581546893     
  0.83106379587447077     
  0.83112888741788660     
  0.83091195261989759     
  0.83071949449830795     
  0.94811657435994001     
  0.94811717700047438     
  0.94811961899205399     
  0.93980546672280252     
  0.85011003222816206     
  0.83125151024730537     
  0.83120367381155191     
  0.93838124418578184     
  0.83099870481042948     
  0.83114660086499659     
  0.83094846731561089     
  0.83079670287623852     
  0.83083830282912119     
  0.83073129694044001     
  0.83072262572025923     
  0.83072901839124402     
  0.94811760442180271     
  0.94811846959155788     
  0.93853595791180711     
  0.93882136561144680     
  0.87810824174015023     
  0.88787796808890684     
  0.83132776314212697     
  0.86824704859592772     
  0.83139472870514530     
  0.91918554986038048     
  0.93745602753974111     
  0.83109495998586469     
  0.83103963657227098     
  0.83089580201058122     
  0.83072237008230176     
  0.83085428648805271     
  0.83071978513978439     
  0.83066172274089312     
  0.83066063817286129     
  0.94811724157873845     
  0.93822267789667213     
  0.90436917790001470     
  0.84777373560509972     
  0.83118801423944177     
  0.83128130059586769     
  0.83095619162966705     
  0.83098337021487068     
  0.83109445876375898     
  0.83091239286981544     
  0.83076888094455281     
  0.83069971983007562     
  0.83080796686794578     
  0.83064568873626377     
  0.83067808181024083     
  0.83061374248536401     
  0.94811745822036197     
  0.94811778182944184     
  0.93774572795091504     
  0.93742457494216314     
  0.88344292979843708     
  0.83135022788447610     
  0.86095733800126217     
  0.83141186845406545     
  0.83120699607077309     
  0.83113022845747808     
  0.92207712188056945     
  0.83098605449827301     
  0.83085255786363388     
  0.83066619311279211     
  0.83064499453466878     
  0.83080583536161468     
  0.83060723220530874     
  0.83059515380049032     
  0.94811755608062143     
  0.93788905865470662     
  0.89795402367760102     
  0.84432008201435071     
  0.83126272953165981     
  0.93659322945973322     
  0.91121791291598964     
  0.83105730354342644     
  0.83093907570173564     
  0.83088262566400772     
  0.83076814226134332     
  0.83070822381542442     
  0.83062265375892919     
  0.83062716625025435     
  0.83057607446720783     
  0.83053952395817543     
  0.83052824081728538     
  0.94811750321889920     
  0.93676886244543356     
  0.93702886877504954     
  0.88466377371588789     
  0.83142816520372642     
  0.87027607977027410     
  0.84995515998303706     
  0.83113930093570931     
  0.83131349849759084     
  0.83119879445176681     
  0.92355345325697202     
  0.93647741960707431     
  0.83101426820397728     
  0.83091684223954165     
  0.83107965465628975     
  0.83078590287492293     
  0.83082141284766742     
  0.83066627368333312     
  0.83058228918137300     
  0.83057766199238214     
  0.83074819910558406     
  0.83057218159514412     
  0.83053258867245072     
  0.90953705935631324     
  0.89387256416380645     
  0.83136178236302916     
  0.83127024374926184     
  0.83122129520034527     
  0.93579183948819666     
  0.83095465480645370     
  0.83085472311900899     
  0.83061557655116114     
  0.83057338909397382     
  0.83052983519544132     
  0.83052191420058175     
  0.83048131659544089     
  0.83047249912505050     
  0.93609179221158212     
  0.93579508342530271     
  0.87773836567976649     
  0.83139506096961180     
  0.86246170093768282     
  0.83144321052974590     
  0.83116945639978901     
  0.83107060378030606     
  0.83132265811947992     
  0.92454956063107041     
  0.83094168791175860     
  0.83091480516980609     
  0.83073167948209625     
  0.83069489704084110     
  0.83076642649036980     
  0.83065614925660147     
  0.83053152602750102     
  0.83048518955253881     
  0.83051316068416037     
  0.83046477440246214     
  0.83044903703240680     
  0.93622005730857016     
  0.90593218190826674     
  0.88690588538316029     
  0.84864173680806987     
  0.83112391221811133     
  0.83127909682490264     
  0.83123488291173941     
  0.83119275432539586     
  0.93505208127633965     
  0.83088584530282916     
  0.83101123442498381     
  0.83079911010344509     
  0.83052790083894834     
  0.83056944603375615     
  0.83052787076421186     
  0.83048493606295926     
  0.83044080952842236     
  0.83046982184493834     
  0.83042338408113670     
  0.83041436362677079     
  0.93524793966203434     
  0.93548261493743867     
  0.86556276966003320     
  0.83135449492013636     
  0.83145716132665504     
  0.83115029507427329     
  0.83109243621535100     
  0.83128807031967855     
  0.93437291490781393     
  0.91741003032524560     
  0.93497829421374712     
  0.83103994335841991     
  0.83096678454348083     
  0.83085833996813108     
  0.83082973584727038     
  0.83064743166109589     
  0.83068357449911745     
  0.83060934826352728     
  0.83071770825269475     
  0.83043976188011770     
  0.83048484304712622     
  0.83039580672434332     
  0.83041310853898032     
  0.83043766082983195     
  0.83040454529683205     
  0.83037508395712545     
  0.90454630750793386     
  0.86673359894244850     
  0.83140804245945266     
  0.85055431944314486     
  0.83119207058499378     
  0.83099002396782196     
  0.83088499429642348     
  0.83074980618138505     
  0.62073925958480181     
  0.55541979814837861     
  0.55547470881904493     
  0.62067554374613521     
  0.55536141777724135     
  0.83036270084287678     
  0.83035802608749765     
  0.93468269208141375     
  0.93441020037589029     
  0.89114206016671249     
  0.83135955666921446     
  0.83146998124846094     
  0.83111808443315160     
  0.83106503424312728     
  0.83121841162004917     
  0.83116555839593020     
  0.91849019639698071     
  0.83101151521554262     
  0.83090977413497835     
  0.83077987699945255     
  0.83080795813969377     
  0.55552505467633950     
  0.62079844589848987     
  0.62085211064886714     
  0.55557022060635308     
  0.83039384444600062     
  0.83035022620679022     
  0.62060876400505238     
  0.83039044046549093     
  0.83035574629287678     
  0.83030854799365117     
  0.83030645112884571     
  0.93479598571682931     
  0.90720454697420416     
  0.88014940163777955     
  0.84572480179463905     
  0.83142433193828047     
  0.83129505035048457     
  0.83124478118950185     
  0.93375439577694463     
  0.83093274353898949     
  0.83083410665771873     
  0.62089982298137103     
  0.37053081559989154     
  0.37049313839310954     
  0.37056576510124672     
  0.37045356812665475     
  0.83034771282282316     
  0.83034359398023594     
  0.83030599806029526     
  0.83030333306215864     
  0.93397025623571195     
  0.93417991605979189     
  0.89696414881375175     
  0.86440060159684906     
  0.84874074217591200     
  0.83140928768528599     
  0.83132278036217377     
  0.83148165677696240     
  0.83111881942239751     
  0.83103140759585947     
  0.83119948369474794     
  0.93372205525650342     
  0.92117794051505375     
  0.83095397194103682     
  0.83085838588963157     
  0.55561004735123376     
  0.62094160162774337     
  0.37059743289279407     
  0.37062557978283206     
  0.24607662955179033     
  0.24610069278913863     
  0.83030437491663811     
  0.55530100155942830     
  0.24605099426526014     
  0.83030150395212721     
  0.83029728259051738     
  0.83024355941224492     
  0.83025731605316067     
  0.83025051577509490     
  0.91025003149847539     
  0.87322814722050102     
  0.88806341001598910     
  0.83137472611583052     
  0.83125978070813988     
  0.83116220920253669     
  0.83108381962689248     
  0.83104963563413126     
  0.83120619105628435     
  0.93319550163043308     
  0.83088086058844846     
  0.55564469165516406     
  0.24612272766187857     
  0.24614248158364377     
  2.55560603580282209E-048
  2.55534948970221071E-048
  2.55584502064695232E-048
  2.55507889002197259E-048
  0.24602439772884507     
  0.83025856579654622     
  0.83025400056961285     
  0.83025157853661480     
  0.93351555896519511     
  0.93326681150533675     
  0.90327167983522738     
  0.85234869990242645     
  0.83149227586861441     
  0.83143609730159729     
  0.83130314062227495     
  0.83134503257051617     
  0.83111895137541825     
  0.83097352142507608     
  0.92240696488151841     
  0.83090159403684694     
  0.62097772965558407     
  0.37065021851241509     
  2.55605919747481705E-048
  0.24615989221250167     
  2.55624531532643003E-048
  2.55544820698343930E-048
  2.55570000221548199E-048
  0.62054064978928525     
  2.55518389429174914E-048
  0.37041310880421302     
  0.83021311534242281     
  0.83023631667478637     
  0.83020913134118390     
  0.83019947034019148     
  0.83020697164719970     
  0.93361410028596103     
  0.88655069754549409     
  0.86694419832848069     
  0.83139920293515990     
  0.83127109570636570     
  0.83120614191619335     
  0.83116442928901346     
  0.83106629511855923     
  0.83099144488528509     
  0.93269664578323863     
  0.55567445395909076     
  0.37067151115305408     
  0.24617502766441621     
  2.55592502075372037E-048
  2.55613396938964528E-048
  2.55490579172630624E-048
  2.55480095435908021E-048
  0.55524013505683445     
  0.83018360862140161     
  0.83020085486212203     
  0.83018412996183444     
  0.83017373537463046     
  0.93293304523035447     
  0.93311812144129025     
  0.91515227911343566     
  0.84902303222261633     
  0.83150175143611782     
  0.90321232646568250     
  0.83146074984439600     
  0.83130768092328577     
  0.83122875967461285     
  0.83136166815005819     
  0.83111906710836025     
  0.83092064541158439     
  0.93270572817470965     
  0.93225687907364008     
  0.62100857008958255     
  2.55641506636100980E-048
  2.55631477483032200E-048
  0.24599752769543684     
  0.62047298138551932     
  0.83016811573502458     
  0.83016372132130689     
  0.83015017111654743     
  0.83013171091618931     
  0.87706992485761481     
  0.86189282746355489     
  0.88926690438666822     
  0.83141695371438984     
  0.83125323869133683     
  0.83118633185690649     
  0.83116405651204806     
  0.83108150005109749     
  0.83100780573767141     
  0.83093807022427935     
  0.37068966671196607     
  0.24618801614135649     
  2.55655818469288722E-048
  2.55646814363531294E-048
  2.55462675271792909E-048
  0.37037281753571977     
  0.83014725841034021     
  0.83012419507211310     
  0.83012177693562950     
  0.83012626124605893     
  0.83010830853594686     
  0.93258792845502914     
  0.93236229183462938     
  0.91790042266161131     
  0.83151008145760341     
  0.84466392768212306     
  0.90573069303824139     
  0.83146843886931276     
  0.83133125921126483     
  0.83119672857740801     
  0.83128140214849922     
  0.83137821800605527     
  0.83114536864220123     
  0.83109519168733814     
  0.55569965464674431     
  2.55452482262871162E-048
  0.55518039052120893     
  0.83010316631405079     
  0.83006258119905230     
  0.93267190754719964     
  0.93187636618365366     
  0.87467890536664006     
  0.84874935082992331     
  0.89377686589810534     
  0.83143701409821935     
  0.83123452516997476     
  0.83102268535401702     
  0.83095392077774000     
  0.62103447136322842     
  0.24619899617034155     
  2.55667610088567697E-048
  2.55660683546705756E-048
  0.24597109070257245     
  0.83008154695278136     
  0.62040757011259406     
  0.83007498477561970     
  0.83008168898972046     
  0.83004043352652412     
  0.93213425760059032     
  0.93229488779705461     
  0.91915427261776272     
  0.86502296380362642     
  0.87955502710112266     
  0.83151715537820836     
  0.90605337457424717     
  0.83135399325635673     
  0.83130467010433740     
  0.83118051849671148     
  0.83126191982827935     
  0.83139959822921161     
  0.83114808955140163     
  0.83110752704048696     
  0.83103628921695183     
  0.37070488871157048     
  0.93192666199341179     
  0.37032769495504275     
  0.83004301612511078     
  0.83001703635028123     
  0.83000123911070089     
  0.93155423116273206     
  0.85391372055614934     
  0.83152327872861787     
  0.89748987291665794     
  0.88320332716828254     
  0.83145274684582160     
  0.83122535978404022     
  0.83096824384772605     
  0.55572058749091591     
  2.55671705077438478E-048
  2.55678162652840122E-048
  2.55435221073425452E-048
  2.55425226697035470E-048
  0.55511399546223705     
  0.83003597791184114     
  0.83005816829734014     
  0.62034640688618903     
  0.93188907541729205     
  0.93169347961172710     
  0.93129156230231624     
  0.90969885103601544     
  0.86973823827100638     
  0.83138666441306008     
  0.83132806618553712     
  0.83127236269961535     
  0.83117821953100524     
  0.83112814372176858     
  0.83111852697141786     
  0.83104944562582617     
  0.83098108321093422     
  0.24620809662063367     
  0.24594584581461967     
  0.83000112644732138     
  0.83000662103034295     
  0.82996432513715479     
  0.82999521846349555     
  0.55486962386695493     
  0.93196759079797120     
  0.86749628545193969     
  0.84226140227350288     
  0.83145967539584098     
  0.89455507605514006     
  0.83115619382379557     
  0.83121925676709807     
  0.62105574406580355     
  0.37071736364806473     
  2.55681536670015339E-048
  2.55409195142686270E-048
  0.37025306057885199     
  0.83001576399105004     
  0.82997152347472780     
  0.93152976765231088     
  0.93170584098320575     
  0.93139134422175596     
  0.91925480358491385     
  0.85257643613695688     
  0.83152826262119794     
  0.90413683533144729     
  0.87979390379795241     
  0.83132551948701716     
  0.83113647449989159     
  0.83118529440031885     
  0.83107984360603793     
  0.83123579923682434     
  0.83141662985121656     
  0.83099250228362775     
  0.55573676104710013     
  2.55686078463259392E-048
  2.55399811560420059E-048
  0.82996874133162979     
  0.82995143829081408     
  0.82997236261201135     
  0.62059128907913663     
  0.82993056997903525     
  0.24592264758068239     
  0.93108538260363061     
  0.86800688334199572     
  0.83153213605225229     
  0.83147399984946679     
  0.89059737210674739     
  0.83136587198998202     
  0.83128110219172480     
  0.83114339791958014     
  0.83109718657488763     
  0.83103505354324558     
  0.24621543465721712     
  0.82997625831593436     
  0.36884130948104743     
  0.93149831028121088     
  0.93127967915243703     
  0.93093901132276535     
  0.91491858300153217     
  0.85968889788034653     
  0.84380845003367488     
  0.89562707921654172     
  0.87793520358571209     
  0.83132465427051427     
  0.83109083632700254     
  0.83114913189494533     
  0.83120427419447507     
  0.83105129570824288     
  0.83125373137791969     
  0.83138401902188297     
  0.83143503244539363     
  0.83100263371704475     
  0.62107269937464482     
  2.55689157054950865E-048
  2.55384914025088520E-048
  0.82994650276965753     
  0.82993088644624735     
  0.82993828137484793     
  0.54647121591355685     
  0.82990049536560306     
  2.55376745919567299E-048
  0.93138369808160726     
  0.93131204274923740     
  0.93112109796912279     
  0.83147397259357891     
  0.83153488085128557     
  0.83110491322672697     
  0.83115350477365058     
  0.37072116187213161     
  2.55692985511945239E-048
  0.82991014295647958     
  0.24590279544971150     
  0.93134951089730200     
  0.93085382030429209     
  0.90174586122172773     
  0.84852124364833070     
  0.86729727584033145     
  0.83153652596928651     
  0.88435653896334376     
  0.83136248446545524     
  0.83130532657658995     
  0.83105972979279352     
  0.83111615825597385     
  0.83119442146682543     
  0.83104477309551372     
  0.83141617727941008     
  0.83101124094511125     
  0.55571181859265861     
  0.82992016316818229     
  0.82989428724967418     
  0.61341240447359358     
  0.31815724857688227     
  0.82987527535046657     
  2.55364298051687252E-048
  0.93126059198300193     
  0.93110450063093009     
  0.91674654607791239     
  0.83149360016686580     
  0.83126852291342113     
  0.83107126121841046     
  0.83111620743197356     
  0.83121852314456579     
  0.83115665279279283     
  0.83143207756946802     
  0.24622109229668809     
  0.82990968017788502     
  2.55357304729244388E-048
  0.93126241833405121     
  0.93099477699786370     
  0.93081951532976559     
  0.90263069860309308     
  0.88846453180821927     
  0.86003528197150136     
  0.83153710460506902     
  0.87426301438259935     
  0.83149067622444706     
  0.83132402825657103     
  0.83102435751078874     
  0.83101849950202900     
  0.83109385691799698     
  0.83115851738314728     
  0.62108545589963771     
  0.37035744147723615     
  2.55694651370420260E-048
  0.82989571129328776     
  0.82985628647391663     
  0.55522274012002681     
  2.55348955662695088E-048
  0.93120919416258008     
  0.93112639682445331     
  0.84579103368479724     
  0.83137532521294177     
  0.83123518474594471     
  0.83127488029826824     
  0.83102892470886480     
  0.83107174566076170     
  0.83112626394956890     
  0.83119669413777941     
  2.55697790126069900E-048
  0.82986841211037299     
  0.82989542305687736     
  0.26764034172435913     
  0.93123206820234861     
  0.83144530991985999     
  0.83140105776717665     
  0.83135785388818895     
  0.83131578581077803     
  0.61323582743564775     
  0.55339626280631604     
  0.83109423802668703     
  0.83115923196436192     
  0.24622510358590011     
  0.82988383442019287     
  0.82990011163466904     
  0.47466027213457573     
  0.82984359648187744     
  2.55343990858712625E-048
  0.93120599140227667     
  0.83103221919106085     
  0.55293815785278189     
  0.83106116486366388     
  0.83109512434994615     
  0.83112666372229393     
  2.55699198018578123E-048
  0.82986492890717956     
  0.53683712744841050     
  0.82983919319415722     
  0.25922219698076643     
  0.36301096947594164     
  2.55700529027386124E-048
  0.55323054819337403     
  2.55340975154441481E-048
  0.83103423524995990     
  0.64635909930902502     
  0.21232779430697407     
  0.83106451740671905     
  0.27661461257981035     
  0.83103490958364223     
  0.37376616826581666     
  1.27669431500059427E-048
  0.55402177989977186     
  2.55702402086716034E-048
  2.55701793353975706E-048
  0.27700853931570107     
  1.27851150219043051E-048
